Russell Westbrook
7.2 17.4 0.416 1.7 4.9 0.348 1.7 4.6 9.6 0.1 2.0 4.8 20.3
Carmelo Anthony
6.8 16.4 0.418 2.3 6.5 0.357 0.8 5.4 1.5 0.9 0.8 1.5 20.1
Paul George
7.8 17.7 0.440 3.2 7.9 0.405 0.6 5.2 5.9 0.4 2.4 2.7 21.9
Kyrie Irving
7.7 17.5 0.441 2.0 6.1 0.326 0.5 2.6 5.2 0.3 1.9 1.9 20.6
LeBron James
11.0 19.0 0.579 1.6 4.1 0.393 1.3 6.1 8.7 1.3 1.3 4.6 28.3
Dwight Howard
5.3 9.3 0.570 0.0 0.0 0.000 3.9 8.5 1.3 1.2 0.5 4.1 13.9
Kemba Walker
6.8 15.6 0.433 2.0 5.9 0.388 0.5 3.1 6.6 0.2 0.8 2.4 21.5
Nikola Jokic
6.3 12.5 0.503 1.5 3.6 0.412 2.5 9.1 4.6 0.6 1.6 2.2 16.4
Paul Milsap
5.7 13.1 0.437 1.1 3.6 0.320 1.6 4.8 2.9 1.3 1.1 2.2 15.7
Kevin Durant
8.9 16.7 0.535 2.7 6.1 0.443 0.7 6.8 5.2 2.2 0.5 3.3 24.8
James Harden
9.3 21.1 0.443 4.3 11.0 0.388 0.7 4.3 10.3 0.5 1.6 5.1 30.7
Myles Turner
5.3 11.1 0.472 0.6 2.0 0.313 1.4 7.0 1.3 2.6 0.4 1.3 13.8
Blake Griffin
7.6 17.5 0.434 2.1 5.8 0.360 1.3 6.5 4.7 0.3 0.8 2.9 23.1
Lonzo Ball
3.5 11.7 0.303 1.1 4.9 0.230 1.3 5.3 6.9 0.9 1.3 2.7 9.0
Marc Gasol
6.9 15.5 0.442 1.6 4.9 0.338 1.1 8.2 3.4 1.9 0.4 3.0 20.1
Giannis Antetokounmpo
11.9 20.6 0.578 0.5 1.8 0.280 1.9 8.1 4.6 1.9 1.6 3.2 30.6
Anthony Davis
9.2 16.4 0.563 1.0 2.5 0.400 2.7 8.7 2.9 2.1 1.5 2.3 25.6
DeMarcus Cousins
9.5 20.2 0.472 2.7 7.6 0.351 1.9 11.7 5.7 1.6 1.8 5.4 28.0
Jimmy Butler
5.0 12.6 0.397 0.7 2.3 0.296 1.0 4.0 4.8 0.3 1.8 2.3 15.3
Devin Booker
8.1 17.9 0.455 2.3 6.1 0.374 0.5 4.2 3.9 0.1 0.9 2.8 23.2
Kristaps Porzingis
10.5 21.2 0.493 2.0 4.9 0.406 1.3 6.0 1.2 2.2 0.5 2.2 28.9
CJ McCollum
8.2 17.6 0.467 3.3 6.2 0.531 0.7 3.4 2.5 0.3 1.2 1.8 22.5
Damian Lillard
7.6 18.6 0.406 2.4 7.3 0.324 1.4 4.6 6.6 0.5 1.2 3.1 24.5
Dirk Nowitzki
4.0 9.4 0.426 1.2 3.1 0.383 0.6 4.7 1.7 0.3 0.4 0.9 10.2