Russell Westbrook
7.2 17.4 0.416 1.7 4.9 0.348 1.7 4.6 9.6 0.1 2.0 4.8 20.3
Carmelo Anthony
6.8 16.4 0.418 2.3 6.5 0.357 0.8 5.4 1.5 0.9 0.8 1.5 20.1
Paul George
7.8 17.7 0.440 3.2 7.9 0.405 0.6 5.2 5.9 0.4 2.4 2.7 21.9
Kyrie Irving
7.7 17.5 0.441 2.0 6.1 0.326 0.5 2.6 5.2 0.3 1.9 1.9 20.6
LeBron James
11.0 19.0 0.579 1.6 4.1 0.393 1.3 6.1 8.7 1.3 1.3 4.6 28.3
Dwight Howard
5.3 9.3 0.570 0.0 0.0 0.000 3.9 8.5 1.3 1.2 0.5 4.1 13.9
Kemba Walker
6.8 15.6 0.433 2.0 5.9 0.388 0.5 3.1 6.6 0.2 0.8 2.4 21.5
Nikola Jokic
6.3 12.5 0.503 1.5 3.6 0.412 2.5 9.1 4.6 0.6 1.6 2.2 16.4
Paul Milsap
5.7 13.1 0.437 1.1 3.6 0.320 1.6 4.8 2.9 1.3 1.1 2.2 15.7
Kevin Durant
8.9 16.7 0.535 2.7 6.1 0.443 0.7 6.8 5.2 2.2 0.5 3.3 24.8
James Harden
9.3 21.1 0.443 4.3 11.0 0.388 0.7 4.3 10.3 0.5 1.6 5.1 30.7
Myles Turner
5.3 11.1 0.472 0.6 2.0 0.313 1.4 7.0 1.3 2.6 0.4 1.3 13.8
Blake Griffin
7.6 17.5 0.434 2.1 5.8 0.360 1.3 6.5 4.7 0.3 0.8 2.9 23.1
Lonzo Ball
3.5 11.7 0.303 1.1 4.9 0.230 1.3 5.3 6.9 0.9 1.3 2.7 9.0
Marc Gasol
6.9 15.5 0.442 1.6 4.9 0.338 1.1 8.2 3.4 1.9 0.4 3.0 20.1
Giannis Antetokounmpo
11.9 20.6 0.578 0.5 1.8 0.280 1.9 8.1 4.6 1.9 1.6 3.2 30.6
Anthony Davis
9.2 16.4 0.563 1.0 2.5 0.400 2.7 8.7 2.9 2.1 1.5 2.3 25.6
DeMarcus Cousins
9.5 20.2 0.472 2.7 7.6 0.351 1.9 11.7 5.7 1.6 1.8 5.4 28.0
Jimmy Butler
5.0 12.6 0.397 0.7 2.3 0.296 1.0 4.0 4.8 0.3 1.8 2.3 15.3
Devin Booker
8.1 17.9 0.455 2.3 6.1 0.374 0.5 4.2 3.9 0.1 0.9 2.8 23.2
Kristaps Porzingis
10.5 21.2 0.493 2.0 4.9 0.406 1.3 6.0 1.2 2.2 0.5 2.2 28.9
CJ McCollum
8.2 17.6 0.467 3.3 6.2 0.531 0.7 3.4 2.5 0.3 1.2 1.8 22.5
Damian Lillard
7.6 18.6 0.406 2.4 7.3 0.324 1.4 4.6 6.6 0.5 1.2 3.1 24.5
Dirk Nowitzki
4.0 9.4 0.426 1.2 3.1 0.383 0.6 4.7 1.7 0.3 0.4 0.9 10.2
Bradley Beal
8.3 17.3 0.479 1.9 5.4 0.342 1.1 3.8 3.4 0.4 1.3 2.7 23.9
Stephen Curry
7.2 16.0 0.451 3.5 9.3 0.377 0.6 4.2 6.6 0.2 1.9 2.7 24.0
Dennis Schroder
7.8 17.4 0.447 1.2 3.7 0.333 0.7 2.2 6.8 0.0 1.2 3.2 19.9
Jaylen Brown
5.4 12.3 0.437 1.8 4.7 0.373 1.4 5.4 1.1 0.3 1.2 1.5 15.1
Tobias Harris
7.4 15.6 0.475 3.1 6.2 0.506 1.0 3.9 1.7 0.2 0.5 0.9 19.6
D'Angelo Russell
7.9 17.1 0.463 1.5 5.0 0.300 0.8 3.9 5.7 0.2 1.0 4.0 20.9
DeMarre Carroll
4.2 10.2 0.417 1.8 4.9 0.359 1.6 5.3 1.3 0.5 1.3 1.2 13.2
LeMarcus Aldridge
8.5 17.0 0.498 0.6 1.7 0.360 3.2 5.1 2.4 1.3 0.7 1.7 22.0
De'Aaron Fox
4.4 11.3 0.392 0.3 1.5 0.190 0.6 2.6 4.9 0.1 0.6 2.0 11.1
Rudy Gobert
5.2 8.3 0.620 0.0 0.0 0.000 2.8 7.7 1.3 2.5 0.6 2.1 13.9
Ricky Rubio
4.2 11.3 0.373 1.2 4.7 0.257 0.5 3.1 5.5 0.1 1.9 3.6 13.6
DeMar DeRozan
8.2 17.6 0.466 0.9 2.9 0.300 0.8 3.3 4.4 0.1 1.3 3.1 24.9
Kyle Lowry
4.8 11.5 0.416 2.4 6.7 0.351 0.5 4.8 7.0 0.1 0.6 2.3 14.4
Aaron Gordon
6.5 12.2 0.528 2.3 4.6 0.500 1.3 6.4 2.2 0.8 0.9 1.7 17.8
Draymond Green
3.6 7.5 0.480 1.2 3.4 0.351 1.2 6.4 6.6 1.4 1.1 2.9 10.4
Klay Thompson
8.1 16.2 0.496 3.3 7.1 0.463 0.5 3.9 2.6 0.8 0.6 1.7 20.1
Brook Lopez
5.7 12.2 0.466 1.5 4.3 0.342 1.5 3.4 1.9 1.8 0.4 1.7 15.4
Jordan Clarkson
6.0 12.1 0.498 1.1 2.9 0.360 0.7 2.0 2.7 0.0 0.8 1.9 15.2
DeAndre Jordan
4.4 6.8 0.642 0.0 0.0 0.000 5.1 8.6 0.9 1.1 0.6 1.7 10.3
Nikola Vucevic
7.1 14.2 0.500 1.8 4.4 0.413 1.2 6.2 2.8 0.9 1.0 1.8 17.3
Gary Harris
5.5 10.7 0.519 2.5 5.2 0.474 0.8 1.9 2.7 0.4 1.6 1.7 14.1
Joel Embiid
8.1 16.0 0.504 0.8 3.2 0.244 1.9 9.1 3.4 1.9 0.9 4.3 22.3
Ben Simmons
7.9 15.1 0.523 0.0 0.4 0.000 2.2 7.0 7.6 0.7 2.0 3.5 18.7
Lauri Markkanen
5.4 12.1 0.447 2.6 7.0 0.367 1.0 7.0 1.6 0.6 0.6 1.4 15.6
Karl-Anthony Towns
7.7 14.4 0.537 1.3 3.6 0.361 2.7 8.8 1.4 1.5 0.6 1.8 20.6
Andrew Wiggins
7.1 15.5 0.460 1.2 4.1 0.304 0.9 3.0 1.6 0.5 1.4 2.0 18.8
Jeff Teague
4.8 11.5 0.413 1.5 3.8 0.400 0.4 2.7 7.3 0.5 1.8 3.5 13.5
Mike Conley
5.3 14.0 0.381 2.0 6.4 0.312 0.0 2.3 4.1 0.3 1.0 1.5 17.1
Hassan Whiteside
6.6 11.5 0.579 0.2 0.2 1.000 3.0 10.5 0.5 1.8 1.1 1.8 16.2
Goran Dragic
6.9 15.0 0.463 1.7 4.5 0.375 0.9 3.4 4.7 0.1 0.9 2.5 18.3
Kevon Looney
1.5 2.5 0.600 0.0 0.0 0.000 1.0 1.9 0.4 1.2 0.2 0.6 3.5